[301.35, 372.03, 472.33, 357.12]
301.35 US-CAL-CISO     capcity: 10    
[301.35, 372.03, 472.33, 357.12]
301.35 US-CAL-CISO     capcity: 10    
[301.35, 372.03, 472.33, 357.12]
301.35 US-CAL-CISO     capcity: 10    
[301.35, 372.03, 472.33, 357.12]
301.35 US-CAL-CISO     capcity: 10    
[307.82, 364.09, 480.93, 354.64]
307.82 US-CAL-CISO     capcity: 10    
[307.82, 364.09, 480.93, 354.64]
307.82 US-CAL-CISO     capcity: 10    
[307.82, 364.09, 480.93, 354.64]
307.82 US-CAL-CISO     capcity: 10    
[307.82, 364.09, 480.93, 354.64]
307.82 US-CAL-CISO     capcity: 10    
[308.26, 365.67, 474.37, 338.41]
308.26 US-CAL-CISO     capcity: 10    
[308.26, 365.67, 474.37, 338.41]
308.26 US-CAL-CISO     capcity: 10    
[308.26, 365.67, 474.37, 338.41]
308.26 US-CAL-CISO     capcity: 10    
[308.26, 365.67, 474.37, 338.41]
308.26 US-CAL-CISO     capcity: 10    
[313.96, 361.77, 459.93, 331.85]
313.96 US-CAL-CISO     capcity: 10    
[313.96, 361.77, 459.93, 331.85]
313.96 US-CAL-CISO     capcity: 10    
[313.96, 361.77, 459.93, 331.85]
313.96 US-CAL-CISO     capcity: 10    
[313.96, 361.77, 459.93, 331.85]
313.96 US-CAL-CISO     capcity: 10    
[318.63, 361.75, 454.8, 329.71]
318.63 US-CAL-CISO     capcity: 10    
[318.63, 361.75, 454.8, 329.71]
318.63 US-CAL-CISO     capcity: 10    
[318.63, 361.75, 454.8, 329.71]
318.63 US-CAL-CISO     capcity: 10    
[318.63, 361.75, 454.8, 329.71]
318.63 US-CAL-CISO     capcity: 10    
[323.05, 358.72, 447.79, 329.14]
323.05 US-CAL-CISO     capcity: 10    
[323.05, 358.72, 447.79, 329.14]
323.05 US-CAL-CISO     capcity: 10    
[323.05, 358.72, 447.79, 329.14]
323.05 US-CAL-CISO     capcity: 10    
[323.05, 358.72, 447.79, 329.14]
323.05 US-CAL-CISO     capcity: 10    
[319.65, 354.4, 447.95, 330.14]
319.65 US-CAL-CISO     capcity: 10    
[319.65, 354.4, 447.95, 330.14]
319.65 US-CAL-CISO     capcity: 10    
[319.65, 354.4, 447.95, 330.14]
319.65 US-CAL-CISO     capcity: 10    
[319.65, 354.4, 447.95, 330.14]
319.65 US-CAL-CISO     capcity: 10    
[312.78, 351.59, 447.63, 326.95]
312.78 US-CAL-CISO     capcity: 10    
[312.78, 351.59, 447.63, 326.95]
312.78 US-CAL-CISO     capcity: 10    
[312.78, 351.59, 447.63, 326.95]
312.78 US-CAL-CISO     capcity: 10    
[312.78, 351.59, 447.63, 326.95]
312.78 US-CAL-CISO     capcity: 10    
[307.96, 350.73, 462.36, 322.14]
307.96 US-CAL-CISO     capcity: 10    
[307.96, 350.73, 462.36, 322.14]
307.96 US-CAL-CISO     capcity: 10    
[307.96, 350.73, 462.36, 322.14]
307.96 US-CAL-CISO     capcity: 10    
[307.96, 350.73, 462.36, 322.14]
307.96 US-CAL-CISO     capcity: 10    
[305.55, 352.93, 466.53, 321.27]
305.55 US-CAL-CISO     capcity: 10    
[305.55, 352.93, 466.53, 321.27]
305.55 US-CAL-CISO     capcity: 10    
[305.55, 352.93, 466.53, 321.27]
305.55 US-CAL-CISO     capcity: 10    
[305.55, 352.93, 466.53, 321.27]
305.55 US-CAL-CISO     capcity: 10    
[297.55, 358.46, 474.68, 333.08]
297.55 US-CAL-CISO     capcity: 10    
[297.55, 358.46, 474.68, 333.08]
297.55 US-CAL-CISO     capcity: 10    
[297.55, 358.46, 474.68, 333.08]
297.55 US-CAL-CISO     capcity: 10    
[297.55, 358.46, 474.68, 333.08]
297.55 US-CAL-CISO     capcity: 10    
[298.11, 363.94, 478.43, 350.0]
298.11 US-CAL-CISO     capcity: 10    
[298.11, 363.94, 478.43, 350.0]
298.11 US-CAL-CISO     capcity: 10    
[298.11, 363.94, 478.43, 350.0]
298.11 US-CAL-CISO     capcity: 10    
[298.11, 363.94, 478.43, 350.0]
298.11 US-CAL-CISO     capcity: 10    
[299.81, 368.16, 491.07, 368.42]
299.81 US-CAL-CISO     capcity: 10    
[299.81, 368.16, 491.07, 368.42]
299.81 US-CAL-CISO     capcity: 10    
[299.81, 368.16, 491.07, 368.42]
299.81 US-CAL-CISO     capcity: 10    
[299.81, 368.16, 491.07, 368.42]
299.81 US-CAL-CISO     capcity: 10    
[302.86, 372.01, 500.77, 382.49]
302.86 US-CAL-CISO     capcity: 10    
[302.86, 372.01, 500.77, 382.49]
302.86 US-CAL-CISO     capcity: 10    
[302.86, 372.01, 500.77, 382.49]
302.86 US-CAL-CISO     capcity: 10    
[302.86, 372.01, 500.77, 382.49]
302.86 US-CAL-CISO     capcity: 10    
[307.17, 372.31, 502.15, 391.39]
307.17 US-CAL-CISO     capcity: 10    
[307.17, 372.31, 502.15, 391.39]
307.17 US-CAL-CISO     capcity: 10    
[307.17, 372.31, 502.15, 391.39]
307.17 US-CAL-CISO     capcity: 10    
[307.17, 372.31, 502.15, 391.39]
307.17 US-CAL-CISO     capcity: 10    
[291.55, 371.86, 499.9, 390.78]
291.55 US-CAL-CISO     capcity: 10    
[291.55, 371.86, 499.9, 390.78]
291.55 US-CAL-CISO     capcity: 10    
[291.55, 371.86, 499.9, 390.78]
291.55 US-CAL-CISO     capcity: 10    
[291.55, 371.86, 499.9, 390.78]
291.55 US-CAL-CISO     capcity: 10    
[229.69, 372.04, 503.3, 370.45]
229.69 US-CAL-CISO     capcity: 10    
[229.69, 372.04, 503.3, 370.45]
229.69 US-CAL-CISO     capcity: 10    
[229.69, 372.04, 503.3, 370.45]
229.69 US-CAL-CISO     capcity: 10    
[229.69, 372.04, 503.3, 370.45]
229.69 US-CAL-CISO     capcity: 10    
[190.78, 369.57, 513.01, 343.95]
190.78 US-CAL-CISO     capcity: 10    
[190.78, 369.57, 513.01, 343.95]
190.78 US-CAL-CISO     capcity: 10    
[190.78, 369.57, 513.01, 343.95]
190.78 US-CAL-CISO     capcity: 10    
[190.78, 369.57, 513.01, 343.95]
190.78 US-CAL-CISO     capcity: 10    
[168.63, 365.55, 516.3, 338.75]
168.63 US-CAL-CISO     capcity: 10    
[168.63, 365.55, 516.3, 338.75]
168.63 US-CAL-CISO     capcity: 10    
[168.63, 365.55, 516.3, 338.75]
168.63 US-CAL-CISO     capcity: 10    
[168.63, 365.55, 516.3, 338.75]
168.63 US-CAL-CISO     capcity: 10    
[166.45, 361.63, 515.17, 350.5]
166.45 US-CAL-CISO     capcity: 10    
[166.45, 361.63, 515.17, 350.5]
166.45 US-CAL-CISO     capcity: 10    
[166.45, 361.63, 515.17, 350.5]
166.45 US-CAL-CISO     capcity: 10    
[166.45, 361.63, 515.17, 350.5]
166.45 US-CAL-CISO     capcity: 10    
[166.94, 358.64, 514.1, 362.18]
166.94 US-CAL-CISO     capcity: 10    
[166.94, 358.64, 514.1, 362.18]
166.94 US-CAL-CISO     capcity: 10    
[166.94, 358.64, 514.1, 362.18]
166.94 US-CAL-CISO     capcity: 10    
[166.94, 358.64, 514.1, 362.18]
166.94 US-CAL-CISO     capcity: 10    
[170.59, 358.44, 512.71, 381.78]
170.59 US-CAL-CISO     capcity: 10    
[170.59, 358.44, 512.71, 381.78]
170.59 US-CAL-CISO     capcity: 10    
[170.59, 358.44, 512.71, 381.78]
170.59 US-CAL-CISO     capcity: 10    
[170.59, 358.44, 512.71, 381.78]
170.59 US-CAL-CISO     capcity: 10    
[184.48, 357.46, 505.67, 400.68]
184.48 US-CAL-CISO     capcity: 10    
[184.48, 357.46, 505.67, 400.68]
184.48 US-CAL-CISO     capcity: 10    
[184.48, 357.46, 505.67, 400.68]
184.48 US-CAL-CISO     capcity: 10    
[184.48, 357.46, 505.67, 400.68]
184.48 US-CAL-CISO     capcity: 10    
[226.85, 361.72, 501.1, 441.74]
226.85 US-CAL-CISO     capcity: 10    
[226.85, 361.72, 501.1, 441.74]
226.85 US-CAL-CISO     capcity: 10    
[226.85, 361.72, 501.1, 441.74]
226.85 US-CAL-CISO     capcity: 10    
[226.85, 361.72, 501.1, 441.74]
226.85 US-CAL-CISO     capcity: 10    
